1	2	3	4	5	6	7	8	9	10	11	12
ADARB1	0.339786263848003	0.156860544975258	0.016760149277678	0.0269755134882951	0.0386133621717805	0.0386840387594338	0.0545677680564737	0.0187896826791369	0.0603430352936309	0.0170716953913188	0.0164025284281379	0.215145417630853
ADM	0.0201330045549978	0.0211173130774091	0.0118519768583665	0.00965839365362856	0.100810353287278	0.028892643483716	0.0133413472421697	0.0156301587475593	0.663799562658394	0.00942412260872976	0.0107252852232334	0.0946158386045183
AGPAT9	0.0667165418438236	0.0564142175985544	0.0212913556468678	0.0204169178966704	0.12166237271174	0.0721200889040058	0.0268477500389103	0.0272900204879437	0.290512495510568	0.0184555562345476	0.0199066083329543	0.258366074793414
AHNAK2	0.0240899381273649	0.0263207849524287	0.0142231480186566	0.011940149259975	0.104898625355566	0.0408665953923799	0.0162930544523087	0.0186027565913809	0.604032267626377	0.0116241547991863	0.0130305301441729	0.114077995280203
AKAP12	0.0860673898463962	0.0592427776239482	0.0197814073023324	0.0196382378448519	0.10776615643425	0.0419801727854091	0.0294116288790107	0.0249014294504189	0.221087912308893	0.0166013312897746	0.0181251856936692	0.355396370541046
ALDH1L2	0.0877416198920443	0.104739225423932	0.0325229946095389	0.0397221062069548	0.0871384674992212	0.0663655320631526	0.0751944605742568	0.0375251228758388	0.154169647203689	0.0302820473274784	0.0309599974105758	0.253638778913318
ALPL	0.0503313358920199	0.0494707687513515	0.0194914787136616	0.0186113898013107	0.112307432011401	0.0841839408319928	0.0243051383050019	0.0249882103379918	0.350170902707011	0.0171328525841736	0.0183607611411874	0.230645788922897
ANLN	0.013976438389682	0.0125312059251038	0.00692688426405655	0.00547416828349939	0.088506793601952	0.0144603806277495	0.00747049630239846	0.00931837613524993	0.765742043246501	0.00531976931766076	0.00616690566894711	0.0641065382371994
ANP32E	0.0558025429281273	0.0720360195164067	0.0103716868316966	0.01464626654036	0.0320022299700816	0.041755471433674	0.0268366489818525	0.0120451884694341	0.0751990985109549	0.0104054092120876	0.0101419954390286	0.638757442166296
AP1M2	0.0307088005923744	0.0288568304524838	0.0112302834446334	0.0104732170042554	0.0830686535065472	0.0320157853563628	0.0150619931417428	0.0144475220376306	0.517314648582362	0.00940552775985188	0.0103272761459047	0.237089461975851
APTX	0.170582113026977	0.388641864318691	0.0121090000333252	0.0245416097835008	0.0246803566221709	0.0534597011332577	0.0536839261229603	0.0132187579118292	0.0427198811603912	0.0139478655854761	0.0123862476834573	0.190028676617963
ARHGAP27	0.0384656722778099	0.0418028036584414	0.0137161743106034	0.0141297980894902	0.0735572066132608	0.0471561178343155	0.0214195191025859	0.0171094017213623	0.33175888249142	0.0121276314514985	0.0128712163952696	0.375885576053943
ASAP1	0.0187556802196332	0.0190877537707949	0.00897974426873611	0.00783209690567118	0.073155692548567	0.024587321756332	0.0110292517093205	0.011700538543472	0.697842066779429	0.00734716769275431	0.00820202948863888	0.11148065631665
ASAP3	0.0557435761354525	0.0726033270053895	0.02365181820535	0.0264841607789406	0.0864518476316012	0.0850727150875133	0.0422448839617509	0.0284458984065022	0.234001470196808	0.022044532155854	0.0226560794386374	0.300599690996201
ATP13A4	0.161774030552882	0.202796011666301	0.0146805404701287	0.024909894377767	0.0356120838268568	0.0846369195587668	0.0422788660681757	0.0165946158062155	0.0661681285405566	0.0161541198510047	0.0148407211981852	0.31955406808316
ATP5A1	0.0359320661748823	0.0392693662640545	0.013835602206334	0.0138544745245354	0.0784946143718578	0.0512950822313853	0.020264820579719	0.0174082955217354	0.401659769423061	0.0121783586823359	0.0129831183000846	0.302824431720015
BAAT	0.0399022675165649	0.0457865622937261	0.0213354580409894	0.0196626542958693	0.114377837550764	0.0593609851110222	0.028825782485693	0.0269675069617013	0.406408470762095	0.0180852421681465	0.0197650860159479	0.19952214679748
BAG3	0.087604250699269	0.0596515585703407	0.0252179304015029	0.0227649025195753	0.153866770930584	0.0533154699100664	0.030613338571307	0.0326490103730645	0.253853491100682	0.020591086550478	0.0229603670069133	0.236911823366217
CDKN2B	0.0395694156107506	0.0347269039588601	0.00665123429066759	0.00814947532424837	0.0265711818948263	0.0234826751171002	0.0131338289093023	0.00801505001414736	0.0675349891886972	0.00625548508142784	0.00636101218286966	0.759548748427102
CDS1	0.0850587516967803	0.152264943036337	0.0152253007529529	0.0248565191450298	0.0385937228508275	0.103766989247234	0.0445912250088096	0.0172493170974409	0.0817505051067263	0.016639709458948	0.0153680482618337	0.40463496833708
CES1	0.0568963454362843	0.0683874653124086	0.00842091284786013	0.0122311468139853	0.0254311618422576	0.0336535414934215	0.0225232464999429	0.00974991560471465	0.0571165788155528	0.00851234341021446	0.00825107294576754	0.68882626897759
CIDEA	0.353333623756149	0.195145266606528	0.0161104917465718	0.0288583041117559	0.0330503228109555	0.0376537218951645	0.0647672489801201	0.0176880854065039	0.0505806751789173	0.0170893161177539	0.0159813915341271	0.169741551855453
COMP	0.17707703475377	0.111405626529283	0.0135390753285786	0.0194819894208319	0.0395429384733618	0.0415574316513029	0.0343060751622651	0.0157012939936739	0.0732202829336169	0.0134440014484199	0.0131673642296721	0.447556886075224
CTSK	0.0222615297632367	0.0241903365503378	0.0137917963863892	0.0112730491140141	0.107811887174101	0.040820843432188	0.0149822736611561	0.0182063552098675	0.623919957626014	0.0111964475743907	0.0126225658031907	0.0989229577051144
DLC1	0.0229355338749012	0.0365663333505668	0.0106492932380475	0.0154895127192473	0.0210408679059525	0.755999262199312	0.0189250366338435	0.0120380707269297	0.0354219324571727	0.0125237372737642	0.0111938637192964	0.0472165559009659
DNAJB1	0.0532209994539364	0.0397497629036802	0.0210043406391729	0.0168818763066528	0.20557475221589	0.03712737251765	0.0229371054584145	0.0280719063385413	0.367396519614953	0.0160222565644752	0.0186063825160263	0.173406725470607
EHD3	0.0372461098200673	0.04006397165791	0.00942571415708318	0.0110083242924837	0.0400554047399231	0.0322809633603338	0.0181422640737693	0.0114131276166479	0.123982707712478	0.00870711259722005	0.00896092669212473	0.658713373279959
ESRRA	0.0794940218970278	0.0578972064495061	0.0254994739200338	0.0228249923624319	0.15275357488373	0.0409178831451081	0.0345013838937962	0.0325817283899797	0.258503709570524	0.0200872446725442	0.0227711702471757	0.252167610568142
FAM213A	0.068985632190638	0.0584839714097649	0.0086043959331603	0.011532793470401	0.0292480744898346	0.0323889310061925	0.019112319410161	0.0101714506323527	0.064502139321167	0.00841387650373417	0.00834011327438514	0.680216302358209
FGF1	0.0161028630892415	0.0157814509322197	0.00813742160827678	0.00676435933587352	0.0772584036197215	0.0189072094002044	0.00950812917230594	0.0107294015507105	0.737986644185286	0.00644798450069898	0.00733557549097212	0.0850405571144886
FIBIN	0.109504395796674	0.186246298528312	0.0206227664426192	0.0352419871063218	0.0460433610268949	0.0720393546488897	0.0784443944761171	0.0228370146063628	0.085501741006986	0.0222601964468176	0.0206518014683484	0.300606688445657
FRZB	0.155322830392242	0.171066817750378	0.0154133486683343	0.0248009646506007	0.0393577829856775	0.0881492264604645	0.0402913033694267	0.0175965768624764	0.0739990634528166	0.0166529270233722	0.0154967853497259	0.341852373034485
GATM	0.0447066405035481	0.0515738521973658	0.0102659594508412	0.0129244083869613	0.0374642116526445	0.0361145631354849	0.0224612421260725	0.0121961000330811	0.0999243218314587	0.00978563356241512	0.00986291622402387	0.652720150896103
GOLIM4	0.0443931768459769	0.0536351658234325	0.0176783454795629	0.0187622180106202	0.0813053437988178	0.0886656826311009	0.0270871627614797	0.0218756344763231	0.305451420077651	0.0162904311086276	0.0169071933217602	0.307948225664648
GPD1L	0.177433854489936	0.164272629141991	0.0196936961771066	0.0311589761098748	0.0469644300657184	0.0475218582314666	0.0681585854947541	0.0220831579192316	0.0797782991852835	0.0199785410566631	0.0192460649522253	0.30370990717575
GPR1	0.486577139397818	0.138951604705105	0.014554068232792	0.024143247934594	0.0313032829799499	0.0422813864116728	0.0391686417258263	0.0163274332464408	0.0460870220216633	0.0155098621204379	0.01453103540536	0.130565275818339
GPR137B	0.100818473449242	0.223042592664673	0.0165463959076168	0.0300718673048076	0.0369397402275759	0.106690550058663	0.0585971608213267	0.0183574573769127	0.0718321142457636	0.0188029316844869	0.0169040074265728	0.301396708832359
GPRC5C	0.408202973402184	0.170150808280987	0.0147325045485926	0.0250661706004617	0.0323517901505095	0.0507495850207923	0.0412228347370124	0.0165262655331194	0.0501715240480739	0.0159556940486727	0.0147950684916099	0.160074781137984
GPT2	0.0561758798417001	0.0800421282122827	0.0138337642971998	0.0188572091493737	0.0439399029009405	0.0772089416804683	0.0316839086971361	0.0161961601492384	0.112725861184538	0.014011249576754	0.0136177713002024	0.521707223010166
GRIN3B	0.0146086188889295	0.013871625379148	0.0080682389394253	0.00630287833918921	0.0946561010387424	0.0162484266617169	0.00871909668922735	0.0108204669673649	0.74735621473313	0.00616684348456425	0.00717105841083082	0.0660104304677312
GUSB	0.174292380026848	0.154717323626547	0.0179894563723937	0.028004751764506	0.0448575695525454	0.045590511949151	0.059273714173215	0.0203027834768616	0.0783526425952974	0.0181695134144297	0.0175583998470007	0.340890953201204
HMG20B	0.170167851741182	0.199169186374988	0.0136565497840214	0.0234115825382857	0.032728817097516	0.0478318426615467	0.0488786327061461	0.0152917923136314	0.0599624397777022	0.014566647301782	0.0136020996321595	0.360732558071039
HMOX1	0.0142281556445417	0.0126107176781642	0.00990021774026974	0.00654091014266183	0.3240539913033	0.0161602569142999	0.00829491932574159	0.0141041389777504	0.533184670711877	0.00696403756081483	0.00853854713982526	0.0454194368607536
IBSP	0.0199518962359175	0.0187121624938235	0.0115661548395106	0.00878284870882205	0.141105253047086	0.0210265360716643	0.0121670343457818	0.0155920339872023	0.649812100583395	0.0086692196070631	0.010195243417843	0.0824195166618907
ITSN2	0.211525729019524	0.207862589737717	0.0153811252390877	0.0261714970900479	0.0363489948848617	0.0783779639799777	0.0435014250513247	0.0173617493222706	0.0639403395330931	0.0168992348445718	0.0155392654930807	0.267090085804443
KCNC3	0.0294670503652405	0.0259250685744829	0.0129870705591431	0.0107909487521761	0.128140522476632	0.0257710127183417	0.0154125596415982	0.0171360201716797	0.567729534006386	0.0101117023220457	0.0115952048221966	0.144933305590078
KCNJ16	0.110957377490361	0.0805198514758841	0.0118979093334794	0.0159700944025971	0.0393341451700946	0.0411320292631303	0.0262261403641626	0.0140475771199618	0.0800255128423548	0.0116019009247155	0.0115175987413487	0.556769862871911
KCNN1	0.143976644792326	0.0964898661169149	0.0359155522754303	0.0382029961207058	0.106860986719213	0.0477672303328695	0.0658271483916095	0.0426771519970163	0.140996534868897	0.0301143034116796	0.0327395880708453	0.218431996902493
KIAA0430	0.470599126332943	0.113959190750625	0.0184080329978455	0.027454073938031	0.040440482314663	0.0358836501089063	0.0468079154091339	0.0207879193379004	0.0550675350626176	0.0182737827867507	0.0178846040398358	0.134433686920748
KIF5B	0.123617599255573	0.465255531507138	0.0135623597622473	0.0326530816859152	0.0230540218010147	0.0537679146221366	0.0904327023781206	0.0143220532278735	0.0371707110798566	0.0166129697023679	0.0141453439795786	0.115405710998178
KLC2	0.0714833912222785	0.0516308543121083	0.0197647247493618	0.0184212213076922	0.129382104507207	0.043023847131845	0.026286344608212	0.0253843305905622	0.285278399887885	0.0162386349614835	0.0179983704278792	0.295107776293486
LATS2	0.0167172778904089	0.0165175356965392	0.00796187771917232	0.0068211139060344	0.0706390622470038	0.0238712486769	0.00920557173056138	0.0104857260746378	0.733216073719485	0.00651472726929852	0.00728577395475536	0.0907640111152037
LHX4	0.038240718926316	0.0329922271935371	0.0154138156247009	0.0132415437168019	0.132926628573361	0.0304973127306276	0.0193011159001506	0.0201227870177009	0.476790540144836	0.0121474497379709	0.0138126779354631	0.194513182498534
LIMCH1	0.135404093147704	0.222538035857962	0.014431190146447	0.0256362925400321	0.0333724543354494	0.0575728161860414	0.0548995975382552	0.0160532907831256	0.0625141453584112	0.0157455875272725	0.0144951503164256	0.347337346262873
LOC101540963	0.048746312234624	0.036653971326017	0.0220843823101533	0.0166669654514197	0.255406343013433	0.0371223775183337	0.0217672483515842	0.0301179198584624	0.356392411259189	0.0164108145530212	0.0193965475999004	0.139234706523862
LOC101541316	0.0508643451375	0.0650848583718698	0.0311032748682437	0.030362470670902	0.115393312458829	0.0975217640752888	0.0443419976718574	0.0381503360573398	0.274780192828616	0.0277833589355112	0.0294797415927329	0.195134347331309
LOC101544956	0.0921473934623412	0.114437348536757	0.02353502383492	0.0320517096038256	0.0647962489845121	0.0612321515863419	0.063515232631431	0.0270072285148459	0.127144479071349	0.0229279607179257	0.0227443034809381	0.348460919574812
LOC101549601	0.056554839306258	0.0415254984866883	0.02251294098396	0.0179028178927812	0.216505697853309	0.0378023201840848	0.0243157577981172	0.0301284574740796	0.343949317061926	0.0170297582348806	0.0198697663848275	0.171902828339088
LOC101551169	0.272548034703863	0.293297053334231	0.019969731239291	0.0595834117830861	0.0255385322318652	0.0700339259994582	0.088060999677359	0.020385378293855	0.0335252684267766	0.0275547134120791	0.0217363168154533	0.0677666340826828
LOC101556222	0.0528022410256411	0.0410400621609373	0.0178370557836798	0.0156960995875098	0.143149855103144	0.0359501870552815	0.0224951617310618	0.0232285482450535	0.376938974967221	0.0142092132217849	0.0160484799209506	0.240604121197735
LOC105943228	0.0409558069083471	0.0382566150478608	0.0276304684541705	0.0199162116915811	0.23515401490521	0.0377295520742604	0.0281806534434415	0.0370485694972001	0.363489010037402	0.0198851231442811	0.0239210824170976	0.127832892379149
LPAR4	0.0477985285815449	0.0603159966638891	0.017754589874655	0.0199036348152437	0.073488763260719	0.0870271534843038	0.030062892301347	0.0216353928667743	0.24736404226908	0.0166835701298234	0.0170754645233316	0.360889971229288
MAP1B	0.025282051871328	0.0236865479144244	0.0235327268210991	0.0140451846830904	0.411892943380732	0.027943154259668	0.0181328719338755	0.0338009270703711	0.317185999554902	0.0155071633217662	0.019742160491695	0.069248268697048
MAX	0.0316939475813976	0.0274687896222344	0.0134782550906105	0.0112716072467881	0.13228162330913	0.0343352787341233	0.0149337973962009	0.0179385385360608	0.552761529995213	0.0107832698689969	0.01221331139891	0.140840051220334
MEDAG	0.0273950823018442	0.0305803090393234	0.0175957319889673	0.0145030058906786	0.12231692049322	0.0519137415214983	0.0194107985555539	0.0230616126890795	0.544733011022843	0.0143845658034798	0.0161526004258219	0.11795262026769
MREG	0.217523786752986	0.532438757686935	0.00843477915087568	0.0195979684657378	0.014852763993113	0.0302621060504728	0.0474033167708323	0.0089915715027779	0.0231759206023252	0.0100967181129481	0.00872668126477932	0.0784956296462172
NAT8L	0.200599716433942	0.102006842373506	0.0284121069670202	0.0328718773557238	0.0862210326507174	0.0455828324212421	0.0550954601894813	0.0336867390394996	0.120292148791946	0.0249410218269099	0.0263696271780724	0.243920594771939
P3H2	0.0276980674771797	0.0282886448197391	0.0114191201467655	0.0106488417969781	0.0795381417778035	0.0342060254802592	0.0154050727164032	0.0146334975736957	0.552650108073955	0.00962741534312408	0.0105373268478918	0.205347737946205
PANX2	0.157501978915892	0.0878301956094299	0.020456950283794	0.0239837874043937	0.0740961992793116	0.0435687382246122	0.0390591282077051	0.0245981156376621	0.126438957580179	0.0183555857379175	0.0191746727516874	0.364935690367416
PAQR7	0.0405466229368434	0.0473832994437895	0.0177205798914418	0.0177581007741644	0.0903149124681322	0.0845216203593794	0.0248100399296601	0.0222517688637054	0.373261262341374	0.0159546189011607	0.0168259172565893	0.24865125683376
PAQR8	0.402590052916112	0.334699382587911	0.00905386065569823	0.0194868451831996	0.0167155609346993	0.030295584059045	0.0425808675685319	0.00975878226153687	0.0258411897984403	0.010525383349738	0.00927978774559398	0.0891727029394938
PDK4	0.24878565042977	0.159741104226935	0.0160135575173221	0.0250189715671763	0.0408246565203532	0.0634846112689371	0.0406258183780182	0.0183283015235529	0.0703152229853262	0.0168269770255225	0.0159257378662359	0.284109390690851
PLCE1	0.269515156763434	0.372677643942159	0.0111498357655173	0.0230865813585731	0.021722510734585	0.0386452401100072	0.0528259854603219	0.0120930307568936	0.0352414478931292	0.0127612724277855	0.0113658804806868	0.138915414306907
PLEKHA2	0.0430918155414568	0.0500737319435352	0.0129383831159796	0.0147542993563856	0.0567086764712078	0.062754191160543	0.0223257013583915	0.0158137047775449	0.199548020390798	0.0121356606928901	0.0124169532051453	0.497438861986122
PLEKHB1	0.305788454562209	0.113516300266613	0.0257166236135351	0.0332152486421357	0.0650977011254532	0.043522212477932	0.0556958882262926	0.0297664396244128	0.0874739113744549	0.0238065240932377	0.0243511312841452	0.192049564709579
PPAP2C	0.169176215918543	0.160801175553409	0.0125446494798645	0.0204413545386027	0.0321206657653021	0.0448195754269239	0.0397642512607635	0.0142103399413264	0.0600394478308113	0.0131457513153461	0.0124258733143656	0.420510699654742
PPARD	0.0637432558239524	0.0495153721734544	0.0151888682579783	0.0155155267779828	0.0852214207894597	0.0413619805006974	0.0228389650448299	0.0191063040634641	0.230710826156435	0.0131260366735793	0.014100002403873	0.429571441334294
PPP1R3C	0.0994910569965242	0.126987015229073	0.0123090578642035	0.0191404673447671	0.0339026306267882	0.0709027588874598	0.0324749766964083	0.0141424464200102	0.0706669184850226	0.0130581314428639	0.0122915626082644	0.494632977398615
RAB11FIP5	0.107325201631296	0.0728616350955849	0.0185155191984576	0.0208611558349138	0.0752146658917844	0.0395406159130821	0.0345646933022815	0.0224671101172898	0.144992678125227	0.016307602368294	0.0172332468805367	0.430115875641253
RAB3IL1	0.198863075895224	0.113491817003881	0.0176769411339016	0.0242281200091667	0.0515107375999716	0.0412240719055727	0.044318014309958	0.0205221180863808	0.0883693832037668	0.0169184684342973	0.0169384343845787	0.365938818033301
RASSF8	0.0945753139397531	0.0693797804359713	0.0159063647765739	0.0183894646806481	0.0659872448065618	0.0524352598166912	0.0272438255121281	0.0194388070968531	0.143137358181176	0.0146670379231613	0.0151290466927445	0.463710496137738
SCRT1	0.682539791952333	0.0954393808304403	0.00981430114406221	0.0176549799075809	0.0183618524947227	0.0205693123419197	0.0338258046208429	0.0107209164043036	0.0252137196379388	0.0104833493129819	0.00977218884903083	0.0656044025038429
SDCBP	0.0261343460833725	0.028395479140232	0.0172997932147432	0.0137698305234659	0.132654297484682	0.0565677702614851	0.0175051740826811	0.0230484804293043	0.551875596107882	0.0140681068698782	0.0158932849530226	0.102787840849251
SLAIN2	0.0454485000911409	0.0569747893069737	0.0222501555270878	0.0226853863850251	0.0962673532208362	0.123151483642434	0.0312608529262851	0.0276343289548307	0.308916415922558	0.020523841005098	0.0213621571724625	0.223524735845268
SLC20A1	0.0369553166423159	0.0385561143344284	0.0104214666188806	0.0114640678270693	0.0505385102934661	0.0358329236437706	0.018043596066318	0.0128221616778565	0.185523895220124	0.00941187663825644	0.00983737402259118	0.580592697014923
SLC2A12	0.0405885525952118	0.0490390073225809	0.0206698829631973	0.0200769420945842	0.101405162115487	0.0837528921585518	0.0283875737976993	0.0259369432454404	0.378467978381839	0.0183492891472301	0.0195333472879927	0.213792428890186
SOX5	0.0435228568169517	0.0469899684693874	0.0206695134691256	0.0192641330718751	0.114392739986198	0.0492543579561369	0.0293698299368298	0.0260596819186779	0.382661493971527	0.0172810829552775	0.0189885069636447	0.231545834484368
SPAG9	0.0748008946510895	0.129107940396899	0.0214068826149968	0.032361145094978	0.0541449839906477	0.123973927619708	0.0577644391493537	0.0243159157464118	0.116438039653968	0.0228980856474172	0.0214861970291775	0.321301548405353
SPRED2	0.016303813640757	0.015288025070661	0.00914754425284257	0.00703033192267677	0.114365606377942	0.023174874315972	0.00897802233029367	0.0124628762208461	0.713140711556384	0.00711229857148532	0.00822575170374791	0.0647701440363912
ST3GAL5	0.0422968118566492	0.0521355175856573	0.0105852801196897	0.0132362235631547	0.0397168264339194	0.0538874207262411	0.0211499394410699	0.0126665114498973	0.11720504870711	0.0102933073079233	0.0102748199684558	0.616552292840232
STAC2	0.0962635630737697	0.0622624633704799	0.0309950692096441	0.0263406158932856	0.178579881561952	0.0440322979669076	0.0377223850261525	0.0400700464411435	0.224962311793653	0.023768965774599	0.0274062429045744	0.207596156983839
SYNE3	0.0919418798003323	0.118704123426934	0.0268150990610179	0.0364880644089524	0.0699299996622922	0.0673073515242541	0.0726244498082399	0.0305981471451817	0.132055588565149	0.0262241657501046	0.0259654957164162	0.301345635131126
TBX2	0.0333403841435487	0.0325463386696845	0.00782456613075112	0.00888714027853342	0.0364345833175668	0.0286366907869617	0.0138464940694608	0.00959193057160507	0.119014231575614	0.0071699968207912	0.00742425267794678	0.695283390957536
TDRP	0.0515676433918142	0.0665550011800676	0.0173852772582034	0.0204560019139433	0.0667605902093373	0.109607576511852	0.030359679983813	0.0210253891233017	0.204734083231655	0.0168331051580907	0.0169123718779406	0.377803280159982
TGFBR2	0.0553050769395931	0.0706601513510515	0.0232413941392432	0.0262338225447159	0.0795397404571462	0.24570743671605	0.0341342052664421	0.0282686920385151	0.186266961649672	0.0230049632324497	0.0229378171693599	0.204699738495761
TGFBR3	0.0576780300151916	0.0825422263768195	0.0209006353341019	0.0261493213449827	0.0667395618819061	0.188727072398626	0.0380629945389699	0.0248237085037099	0.168950488464975	0.0212184055975553	0.0207181538217808	0.283489401721381
TRPM3	0.152397131670182	0.612317703936467	0.00768882744724477	0.0180331504534729	0.0136142079110093	0.0321160176096074	0.042015927599497	0.008204137197192	0.021677334262976	0.00932503990769007	0.00799540436357917	0.0746151176410823
TXNRD3	0.115780946171059	0.583256177726465	0.00943514358016583	0.0221368319862749	0.0168224432414269	0.0467246109251956	0.0514041281831271	0.010070723469835	0.0276541892697671	0.0115675140290561	0.00985407198049749	0.0952932194371293
UNC13C	0.0734658821159299	0.0541609835573004	0.0123351932543059	0.0142103545050131	0.0528122775468218	0.0333942615048396	0.022788062953613	0.0150188502455668	0.120621589620251	0.0111381249187362	0.0116085225725083	0.578445897205114
VSX2	0.0375062884965464	0.0311172166746449	0.0159448618481533	0.0130543296954018	0.161077308374671	0.0292815324248092	0.0185228034203137	0.0211277471168504	0.484026223947869	0.012254523521651	0.0141541081510885	0.161933056328001
WFIKKN2	0.0296707376136613	0.0281884317278372	0.0154097549249244	0.0125214054320885	0.139384126700043	0.0292840574071855	0.0180303591507373	0.0202975083801056	0.546718099747956	0.0119068670305152	0.0137273211652864	0.134861330719659
ZFP36	0.0319711379495133	0.0318072990145968	0.0176463334173466	0.0144025839244627	0.143411663563852	0.0599155339065862	0.0179944133376846	0.0235692770908286	0.506311525878756	0.0144524453345099	0.0162382657869524	0.122279520794911
ADCYAP1	0.0160306168645709	0.0182037873134243	0.0829734110655732	0.0557816749698572	0.0173680429302491	0.0272279168628371	0.025788123386087	0.0540431025910565	0.0158725050178116	0.507854681154624	0.163820951756786	0.0150351860871228
AIM1	0.0236245262234768	0.0242743338482521	0.0787158015495784	0.116106113575065	0.0178661938491702	0.0241009561497732	0.0406387141216146	0.0496318164260134	0.0164063094545197	0.456929321312355	0.134367595127434	0.0173383183627469
ALPK3	0.0224104039312169	0.0219414901807857	0.164925024513694	0.0703531337222878	0.0215995274420351	0.0204622028331409	0.0375540616506381	0.0819979465236854	0.0184574804278737	0.261342363797788	0.26087163156372	0.0180847334131352
ARFGAP1	0.0182902767947321	0.0186356117270773	0.103912509674382	0.0750054006261563	0.0161970993057273	0.0180472381395787	0.0328710570481627	0.0550066106924573	0.0143401657582126	0.439635937626852	0.19359575402289	0.0144623385837715
ARVCF	0.0164851887636213	0.0170215827836318	0.106041216120672	0.0664182483530166	0.0153024629442769	0.0167912776936356	0.0302624654258649	0.0539554038834107	0.0135111858912431	0.44481504816391	0.205940696193595	0.0134552237831225
B3GNT7	0.00391223956526793	0.0038511026791276	0.184688247995746	0.00874534653126724	0.00554099825062488	0.00463283002497083	0.00528422676969791	0.0440404431973336	0.00432993873429744	0.0481371317987815	0.683136960335671	0.00370053411721429
BAIAP3	0.0162465096558356	0.018991938856098	0.046758963708351	0.126150423697269	0.0125464743547926	0.0210442429393944	0.0354284736089732	0.0308925543552728	0.0121613615925094	0.58556884243158	0.0811593945942879	0.0130508202056365
BPIFB6	0.00148376001118678	0.00143150224950428	0.857617963528006	0.00274691714127159	0.00255366529022596	0.00170214162624886	0.00189371411380822	0.0374388727626891	0.00186887036701484	0.0101290760909127	0.0796359750451618	0.00149754177396946
BRINP2	0.0180522675773938	0.0172146028463637	0.217046702853822	0.0463205112197619	0.0197037407049993	0.0169345305608604	0.0267517378533833	0.0934031493916172	0.0161297013595772	0.183646556180272	0.329699314516793	0.0150971849351566
CALCR	0.024730910750483	0.0300998517069667	0.0735900735443863	0.111352318247522	0.0226674461745741	0.045958272316533	0.0449086166264208	0.0535275250033084	0.0221591067700637	0.425709238697381	0.1227625100788	0.0225341300835604
CAMK2A	0.00247695238712921	0.00253417811283417	0.0866209716729555	0.00626859873646753	0.00340251870744225	0.00305185445150013	0.00369590668767455	0.0228094970989945	0.00274677338385748	0.0435854191369569	0.820423614761851	0.00238371486233655
CAMKV	0.00374710999045809	0.00413062944165358	0.0174080447332883	0.0188019443110887	0.00334512276743667	0.00476690784413961	0.00693012633815467	0.0102141965629505	0.00307884393839068	0.888442956648196	0.0360194554137164	0.00311466201052626
CBLN1	0.0143658507405098	0.0167046574852848	0.0454696132348704	0.106646292716417	0.0114360416364144	0.0181455350346102	0.0319637211435371	0.0291987231859437	0.0110014617821702	0.623021150920553	0.0803516764154779	0.0116952757042124
CBR3	0.00343872195602248	0.00332746300263237	0.599166125803772	0.00660846069064703	0.00563822244250926	0.00405049454477897	0.00436719627957273	0.0701390119347784	0.00419115812600529	0.0271567173095761	0.268509698612099	0.00340672929760599
CBX8	0.00955866618070999	0.00892325527414896	0.500510834013792	0.0159461164793207	0.0167345321655435	0.00962463160005471	0.0119546749045914	0.194367130162497	0.0119491542536091	0.0444102454571316	0.166449692937402	0.00957106657119867
CCK	0.0116891983071631	0.0114114648491074	0.183643739223359	0.0308626400473573	0.0134363677144078	0.012407863063	0.016875566883289	0.0706305179258552	0.0109908080262352	0.188590752848644	0.439373343830242	0.0100877372813402
CCL5	0.0081007266844721	0.00797938924653582	0.376831532964749	0.0135914034207172	0.0165698150239721	0.0112452330136011	0.00952940309800897	0.280324727608018	0.0117994981682478	0.0469645106126969	0.208225585341015	0.00883817481796622
CDCP1	0.00271457510419582	0.00265983699820544	0.749980587673161	0.00468281907779884	0.00543384283893993	0.00331412687330952	0.0034254729136777	0.120239286555053	0.0038611916295498	0.0153621133282549	0.0853883695257215	0.00293777748213312
CELF3	0.00562829498343305	0.00578843623000482	0.112199003583941	0.0159196054589075	0.00698345111796156	0.00685518488447926	0.00866576346798525	0.0384899514685062	0.00578688365863205	0.156102155929533	0.632381697852757	0.00519957136385941
CEMIP	0.00543221586114007	0.00566753219177684	0.104816424577985	0.015385676051294	0.00691023383376316	0.00699824089009251	0.00837714667388947	0.037803199640511	0.0057504761565275	0.165328769273829	0.632405360769279	0.00512472407991246
CGA	0.00387336668742792	0.00438536494856404	0.0210880457723926	0.0178951155474664	0.003802466182239	0.00536486203009184	0.00735798788718837	0.0120930753180323	0.00349561887319655	0.871446833369397	0.0457545620831824	0.00344270130082124
CHRM4	0.00606306582374107	0.00618266275475838	0.134572834210148	0.0167535281480136	0.00756830601652191	0.00708833385809739	0.00937923722968623	0.04299551099197	0.00622916036501488	0.133456011831863	0.624121126432227	0.00559022233795847
CILP2	0.00212085939219192	0.0020708812742257	0.726851549644801	0.0041585495488743	0.00349816536759783	0.00248559717227917	0.0027821450496189	0.0433877603357426	0.0026122019533115	0.017043469655213	0.190865422718621	0.00212339788752347
CNIH2	0.00782306447167223	0.00806745985043938	0.11509169800188	0.022653607322492	0.00936852545981662	0.00991235485559491	0.011745765811653	0.0472001172506746	0.00784676984619908	0.274181984857547	0.47898903150426	0.00711962076777065
CNIH3	0.00439692368849517	0.00442999035544123	0.128139948853809	0.0105007166701249	0.00606082709375279	0.00559787324386888	0.00606829415305335	0.0413173202453486	0.00484655125599575	0.0720925826214673	0.712369439487635	0.0041795323310083
COCH	0.0220453904402502	0.0264489872990084	0.0573840957762071	0.142006012524803	0.0174331867799683	0.0337066772485793	0.044027426951351	0.0404008210338151	0.0171367165843	0.484751364230174	0.0963727651681954	0.0182865559633477
COL22A1	0.00646890666717299	0.00642357821687202	0.416860787603011	0.0139342438960997	0.00980704652872216	0.00725735186246821	0.00929541747603739	0.0819590016590586	0.00758795153439146	0.0570535992792403	0.376970485042665	0.00638163023426038
COL4A1	0.00907426368508669	0.00957077946889197	0.118165707352175	0.0295100492384733	0.0104922373088636	0.0109677898256364	0.0153491183503919	0.0481452320707645	0.00896557073725117	0.350104575653996	0.381361207181206	0.00829346912726292
COL6A3	0.00850724302281882	0.00830604460236744	0.293911301197703	0.0196929074609786	0.0113337647394848	0.00896514393046938	0.0122921721306275	0.0771747355780944	0.00894901908609613	0.0886531170252885	0.45436413471581	0.00785041651026174
COL9A1	0.00678774226895007	0.00671758778716415	0.427733312630742	0.0144946007329443	0.0102903089962804	0.00753534951036847	0.00972138877092584	0.0860546217885794	0.00794478134476865	0.057830199194769	0.358207418968047	0.00668268800646044
COL9A2	0.0013764657320964	0.00135047225592155	0.841703092335618	0.00257692921763648	0.0024505781753695	0.00169114373276516	0.0017610458184964	0.0383006242305523	0.00179941196745993	0.0100873693531425	0.0954799553367896	0.00142291184415252
CPNE2	0.0120431288210419	0.0142333825264049	0.0513609888404462	0.0586198095260981	0.011643117877526	0.0186706874628287	0.0237710839947572	0.0326210304459628	0.0110214985390023	0.657122901562855	0.0979097918469695	0.0109825785561078
CPNE5	0.00335203839610741	0.00360361296038983	0.0224773264154784	0.0139425618694956	0.00328826190796912	0.00414762844329618	0.00590087591947596	0.0117240028446639	0.00293420772695984	0.870974106265365	0.0547873275701097	0.0028680496806892
CSMD1	0.0293085481262179	0.0318999493374174	0.0631326511675787	0.285281540521839	0.0186256872381084	0.0270373679046334	0.0694069755307833	0.0426584118643349	0.0180186424148118	0.298050520474075	0.0961619746826034	0.0204177307375975
CSPG5	0.00731296837990397	0.00772953739791369	0.0753200541487139	0.025513747157406	0.00798102046714034	0.0090117719489002	0.0122516758128942	0.0338261866032442	0.00690792114422125	0.571344014501478	0.236297674540171	0.00650342789801302
CX3CL1	0.00383191359127693	0.00378319068112284	0.159884227830263	0.00881911128342887	0.00529885046252835	0.00450901175446315	0.00525984953504636	0.0397825592511888	0.0041727345919822	0.0510544957502162	0.710006753049044	0.00359730221943938
DDN	0.000971272825361772	0.000951731621625898	0.889566712632809	0.00183184215394294	0.0017076132868195	0.00117152890662424	0.00125494677704948	0.0256496650211068	0.00125683082355069	0.00711976724974273	0.0675189965935591	0.000999092107808
DLK2	0.0118558358280322	0.0123670556059458	0.0645929123427038	0.0525787190464977	0.0105093023303265	0.0128172974455608	0.0211409810046181	0.0350074708843584	0.00940739658845162	0.627849782038517	0.13238838111756	0.00948486576742772
DMRTA2	0.00401068638692566	0.00454956547029471	0.0183528371055119	0.0202631790108659	0.00369893590438367	0.00552624297562745	0.00763960190812207	0.0110173714981736	0.00343984799334304	0.880466894946217	0.0375769144906437	0.00345792230989159
DNAH2	0.0321050208135141	0.0369549215170367	0.0516990852617797	0.413506431682401	0.0187418430271328	0.0276599933510169	0.105247682281761	0.0372239159492434	0.0188250868892464	0.164098331017781	0.0716219948029663	0.0223156934061202
DNAH5	0.0301485322846963	0.0363271712909308	0.0606169691564525	0.321856525456143	0.0203662790313745	0.0312007921972217	0.0953719109985842	0.042586471082934	0.0204326385768331	0.229883648945634	0.0878868332675057	0.0233222277116906
DOC2B	0.0036882074047169	0.00413851585004751	0.0206668897998744	0.015892235307695	0.00367755492342735	0.00525727265570847	0.0066122096113781	0.0119431730445967	0.00335857130774976	0.875392752260715	0.0460930921075533	0.00327952572653752
DOK4	0.00190419298607412	0.00191938042736914	0.127171508324545	0.00419409030485068	0.00292869698083966	0.00244380916493302	0.00260509496634284	0.0261018090515141	0.0022794249994675	0.0232107286992531	0.803345919735548	0.00189534435926268
E2F7	0.00150629133198613	0.00148410598538642	0.827569120828546	0.00282107136555315	0.002713110218359	0.00187254445274493	0.00193481834715502	0.0429067587682533	0.00199254457890116	0.0110297431955754	0.102600526960238	0.00156936396730133
EFNB3	0.00975852297256396	0.0105593702928539	0.123653768085393	0.028082334684036	0.0126628942913861	0.0145885101428306	0.0150504113265886	0.0596047039099074	0.0107874157625012	0.31229096525015	0.393407621298231	0.00955348198355822
EMD	0.00464299818106298	0.00505781927736248	0.0246809699180015	0.0200767447611141	0.00438294666672657	0.00611590546319908	0.00800013914428013	0.0142351898044421	0.00397511319372893	0.850814378175703	0.0540833467654255	0.00393444864895388
EMX2	0.00407794244539922	0.00436971018577252	0.0289935777208036	0.0159040364469598	0.00411425383454023	0.00520356977910379	0.00690001429318233	0.0151031871150372	0.00364822433459155	0.83445391296601	0.073705121932268	0.00352644894633206
EPHB6	0.039294411534029	0.0386114268894203	0.0880098618135145	0.183045350643849	0.0253247294906948	0.0341714185983552	0.0645036307495194	0.0609920482599302	0.0235924811520846	0.286454903339802	0.129935275669411	0.02606446185939
EZR	0.022833367626088	0.0257555253134244	0.0551784547741097	0.195727824860125	0.0158351353357792	0.0262007972215812	0.0479625852139711	0.0373754591063529	0.0153494354196206	0.449866248134257	0.0909820237708338	0.0169331432238575
FGD3	0.0405524872557067	0.0343820804647778	0.188125050300588	0.0728883910997476	0.0388549611421294	0.0313211158293913	0.0461400219410928	0.132666332057837	0.0312993341642368	0.151300001125986	0.202325994979086	0.0301442296394208
FHL1	0.0084386593998232	0.00901846894304785	0.086765875680064	0.0268597400673176	0.00981457924484326	0.0117243463681247	0.0132268117244625	0.0422831451767203	0.00846658598644377	0.50272214123571	0.272898202364715	0.00778144380872753
FNDC9	0.0243589268368583	0.0285836703132247	0.0507859594540447	0.306409571762369	0.016051191293363	0.0275685782459781	0.0601215031145114	0.0352458137964512	0.0159193602024033	0.33682975956587	0.0801044597200304	0.0180212056948958
FOXB1	0.00566993770630418	0.00616085635060276	0.042499969050568	0.0207093186544082	0.00605525727338999	0.00786680206945904	0.00937173474742617	0.0226215116576104	0.00536283364547337	0.757786365461486	0.110807722233626	0.00508769114964511
FSCN1	0.00310829483986202	0.00307099677238417	0.692680996533467	0.00547947748988642	0.00615222006654924	0.00401141744592356	0.00388869558566515	0.129330383728016	0.00441527353353294	0.0195036771330117	0.124996323881807	0.00336224298989464
GALNTL6	0.00891458433137175	0.0101480290268094	0.03398741834672	0.05586681331751	0.0075126896380088	0.0111915531406061	0.0186818709543685	0.0208076162968327	0.00708951338894134	0.754430607750854	0.0640025970440853	0.00736670676389192
GNG3	0.0167594301060032	0.0158575086800942	0.21936029173566	0.0411962731998255	0.0186841545085677	0.0161839202862416	0.0235114205432018	0.0936298503240209	0.0151480254879811	0.175324125260252	0.35031428020332	0.0140307196648318
GPR153	0.03436716482805	0.0333217383635557	0.111624387869165	0.141463589906736	0.02512819699532	0.0279676294618603	0.0612457261807269	0.0696902940371668	0.0226721948917875	0.284887814329438	0.163436141670306	0.0241951214658884
GPR17	0.00340898133110736	0.00329994025032234	0.632479591292937	0.00563091996701868	0.00703194404734112	0.00424471489799515	0.00408443915681891	0.215636401480697	0.00490267355471043	0.0183305830467602	0.0972683903386108	0.00368142063568041
HDC	0.00207079767118942	0.00228035996853252	0.0106834814025827	0.00980778076945465	0.0019190459818601	0.00266999768463244	0.00378922097040505	0.00610367083197152	0.00175382084750121	0.934022695025313	0.0231470024594178	0.00175212638713983
HPCAL4	0.00720006256521302	0.00765248753642262	0.0792713411797216	0.0238110510527309	0.00820440618922483	0.00942345255633831	0.0116653898480056	0.0359441848017263	0.00706979821858956	0.530846696901475	0.272359428792741	0.00655170035781124
HS6ST3	0.0178196166351876	0.0201704842080595	0.057372609639662	0.0900944972401542	0.0148851569550454	0.0255173421402581	0.0313280290729077	0.0386763740312856	0.0141170502432994	0.572933278642494	0.102463611998747	0.0146219491928989
IL34	0.00550764770898824	0.00562612931929886	0.126509963224124	0.0151335554958501	0.00694027793519355	0.00651241182082441	0.00848798895177698	0.0399507215446014	0.00570644839793215	0.122523900067651	0.651997065069913	0.00510389046384598
ISLR2	0.00227725570294667	0.0023414483021565	0.11571774092319	0.00529536207574779	0.00345698959884178	0.0029797520902658	0.00327593212697755	0.0273658186642946	0.00273801338512046	0.0313427008875834	0.800916318598138	0.00229266764473715
ITPKA	0.00170933819361818	0.00168360917182763	0.767837540064338	0.0033318298714235	0.00291373909730425	0.00207493759496704	0.00224172728239524	0.0386994784857634	0.00217076873493269	0.0137501367501089	0.161842917373209	0.00174397738011198
JPH4	0.00852339736258725	0.00862175168974467	0.148168252468402	0.0217321274754049	0.0108531036751482	0.0109036605169572	0.0118666225133331	0.0609706854363676	0.00887501206847074	0.173686429022906	0.527940077274156	0.0078588804965219
KCNF1	0.00763207958966106	0.00818049425349859	0.0441159551516348	0.035242366090206	0.00702358610181859	0.00872862885939109	0.0143009919389529	0.0235293542872676	0.00632775285979068	0.743569974415679	0.0950177792136681	0.00633103723843137
KCNH3	0.00126689306159329	0.00123795549744974	0.851779410903181	0.00241987725485745	0.00217076445660809	0.00150404583839809	0.00164475102922922	0.0302991266568264	0.00160543589243867	0.00954230989190636	0.0952415454765628	0.0012878840409486
KCNK13	0.00194958095439613	0.00198271224763089	0.0790861319687546	0.00457128383382503	0.00283572724322976	0.00253461851212321	0.00272763340392094	0.021355394964701	0.00225175062642665	0.0297528495673205	0.849043330215526	0.00190898646214512
KCNV1	0.00899356797938754	0.00896523716075765	0.166390441494746	0.0220775285205168	0.0114879229087038	0.0111135683659956	0.0122469851802972	0.0670156638570441	0.00930149696014553	0.153603145966893	0.520585131684904	0.00821930992060877
